灵巧手指尖标定结果 (ArUco版本)
==================================================
标定时间: 20251018_150306
数据组数: 2
平均位置 (m): [-0.416636, 0.333983, 0.220315]
平均位置 (mm): [-416.636, 333.983, 220.315]

平均变换矩阵:
-0.017294 0.999824 0.007247 -0.416636
0.983959 0.018306 -0.177451 0.333983
-0.177552 0.004062 -0.984103 0.220315
0.000000 0.000000 0.000000 1.000000


所有标定数据:

数据组 1:
-0.259521 0.965724 -0.005164 -0.419350
0.937994 0.250790 -0.239316 0.224331
-0.229818 -0.066951 -0.970928 0.188657
0.000000 0.000000 0.000000 1.000000

数据组 2:
0.224709 0.973811 0.034610 -0.413922
0.968318 -0.219189 -0.119655 0.443635
-0.108935 0.060401 -0.992212 0.251973
0.000000 0.000000 0.000000 1.000000
