照片已保存:
  彩色图: lid/color_20251022_170325.png
  深度图: lid/depth_20251022_170325.png
[[   -0.92798     0.24683    -0.27916    -0.50775]
 [    0.28297     0.95422   -0.096935    -0.12591]
 [    0.24245    -0.16895    -0.95534     0.42253]
 [          0           0           0           1]]
照片已保存:
  彩色图: lid/color_20251022_170343.png
  深度图: lid/depth_20251022_170343.png
[[   -0.99624    0.065169   -0.057046     -0.4543]
 [   0.062097      0.9966    0.054061     0.11598]
 [   0.060375    0.050315    -0.99691     0.36765]
 [          0           0           0           1]]
照片已保存:
  彩色图: lid/color_20251022_170349.png
  深度图: lid/depth_20251022_170349.png
[[   -0.15418     0.98205     -0.1087    -0.60323]
 [    0.98561     0.16058    0.052805   -0.057813]
 [   0.069312   -0.098995    -0.99267     0.27667]
 [          0           0           0           1]]
照片已保存:
  彩色图: lid/color_20251022_170411.png
  深度图: lid/depth_20251022_170411.png
[[   -0.79958     0.56324    -0.20839    -0.50339]
 [    0.57197     0.81999    0.021651   -0.068385]
 [    0.18307    -0.10188    -0.97781     0.36039]
 [          0           0           0           1]]
照片已保存:
  彩色图: lid/color_20251022_170442.png
  深度图: lid/depth_20251022_170442.png
[[   -0.94168     0.14295    -0.30464    -0.52909]
 [    0.16792     0.98414   -0.057257    -0.13868]
 [    0.29163    -0.10507    -0.95074     0.37852]
 [          0           0           0           1]]
退出程序
✓ 相机资源已释放
(yolo) PS D:\Projects\capture> 