懒得写了，直接开始吧，现在的时间是2025年10月21日10:00

照片已保存:
  彩色图: lid/color.png
  深度图: lid/depth.png
[[   -0.94609    -0.17037    -0.27548    -0.51625]
 [   -0.16703      0.9853   -0.035723    0.078494]
 [    0.27752    0.012216    -0.96064     0.31728]
 [          0           0           0           1]]

[[    -0.9913    -0.12949    -0.02341    -0.45704]
 [   -0.12909     0.99147   -0.017853     0.10102]
 [   0.025523   -0.014676    -0.99957     0.31125]
 [          0           0           0           1]]
 
[[   -0.95399    -0.11992     -0.2748    -0.50075]
 [   -0.11849     0.99271   -0.021877     0.10486]
 [    0.27542     0.01169    -0.96125     0.37779]
 [          0           0           0           1]]